@@UNKNOWN@@
1
11
3
15
4
18
2
12
25
9
24
34
36
<START>
<END>
82
16
0
57
37
28
23
21
35
31
26
32
61
8
20
55
64
39
10
46
5
17
43
22
91
30
29
109
13
58
50
72
33
54
48
45
67
80
78
19
63
47
44
95
53
14
106
77
83
62
76
52
65
115
7
40
42
6
74
68
75
147
27
125
87
112
86
92
41
98
131
66
38
89
120
69
79
104
49
101
105
103
51
59
102
139
71
161
111
96
70
123
137
114
81
133
121
166
124
99
84
56
122
100
143
135
88
142
97
144
73
146
138
94
141
140
113
110
153
107
90
154
156
116
119
160
132
129
151
85
150
117
127
130
162
163
108
134
169
148
185
128
170
126
172
171
149
136
157
118
176
158
145
155
174
173
180
168
181
179
60
177
165
182
167
187
178
93
191
164
190
152
186
184
159
195
193
198
183
197
189
202
175
196
192
203
200
188
199
@@MASK@@
