@@UNKNOWN@@
123
19
55
21
122
60
64
93
53
<START>
<END>
91
89
121
94
115
52
107
76
45
116
178
44
74
139
63
72
71
87
162
124
23
18
8
48
83
101
97
84
78
161
144
120
69
79
20
98
171
54
154
90
100
99
125
129
117
14
49
134
130
73
47
61
70
9
7
4
103
82
15
167
86
168
137
147
149
164
104
17
81
16
68
156
150
22
182
165
138
57
126
56
105
127
50
166
58
88
59
176
160
118
65
175
75
46
119
180
62
106
12
169
27
102
170
36
95
24
25
141
6
110
159
135
145
92
109
34
155
42
10
133
114
51
80
158
163
31
174
41
112
29
132
181
108
146
35
152
85
33
136
142
67
32
131
40
13
38
143
43
96
11
177
30
2
37
39
153
0
183
66
28
157
113
1
148
151
26
140
5
179
3
77
172
111
173
128
@@MASK@@
