@@UNKNOWN@@
210
253
215
251
155
221
258
259
153
<START>
<END>
208
300
236
209
290
199
249
198
232
220
255
252
207
402
154
156
342
266
166
246
169
202
231
296
384
359
371
308
317
270
163
279
234
267
172
170
168
293
240
245
167
239
294
292
373
326
305
214
344
222
322
272
405
229
406
216
303
370
268
304
362
327
282
212
269
349
233
165
348
377
375
205
244
367
341
325
201
248
380
16
376
250
158
307
230
211
391
360
228
404
366
334
372
407
204
213
393
274
273
242
157
316
335
206
171
271
254
188
332
382
194
256
177
340
175
219
383
365
195
314
283
295
387
160
357
289
200
265
394
374
275
330
260
385
306
189
235
187
284
363
312
190
281
6
217
285
182
181
247
351
237
337
173
164
192
241
225
339
63
186
1
183
179
386
276
193
333
2
185
336
99
361
15
311
310
30
320
178
262
379
353
257
396
126
398
14
338
346
345
13
381
196
287
197
227
152
5
184
174
329
29
364
159
81
318
401
403
324
328
37
280
392
87
408
354
176
261
291
105
71
224
319
69
309
297
358
313
390
72
3
369
191
84
321
76
74
223
58
132
10
161
21
32
278
127
389
51
59
98
23
162
19
180
62
109
56
277
123
114
111
80
143
8
83
119
26
343
238
11
397
47
103
65
4
323
66
17
243
7
110
41
25
368
347
352
298
96
73
121
0
22
286
139
355
18
70
135
400
75
42
9
82
299
61
130
34
48
144
129
288
112
86
331
89
55
101
85
124
141
54
148
136
40
67
150
302
203
35
36
122
146
100
43
142
399
350
116
218
108
39
131
128
94
27
49
45
118
53
60
77
38
147
145
57
44
395
79
104
24
46
93
68
88
102
78
50
356
92
151
137
315
33
226
28
149
106
301
95
388
90
31
140
264
263
52
115
113
97
138
@@MASK@@
